[glr]
GType = 4
X = 1541.562866
Y = 2421.624023
Z = 12.414842
