[glr]
GType = 0
X = 2795.856201
Y = -2365.764160
Z = 13.635451
