[glr]
GType = 0
X = -1953.197753
Y = 293.496307
Z = 35.468750
