[glr]
GType = 3
X = -1251.687866
Y = -70.225921
Z = 14.148437
