[glr]
GType = 0
X = -1675.554809
Y = 304.105133
Z = 7.187500
