[glr]
GType = 2
X = -1960.893920
Y = 293.225982
Z = 35.468750
