[glr]
GType = 4
X = -1925.774047
Y = 276.441833
Z = 41.046875
