[glr]
GType = 4
X = -1959.443237
Y = 299.012023
Z = 35.468750
