[glr]
GType = 0
X = 1540.794067
Y = 2428.161621
Z = 12.421175
