[glr]
GType = 0
X = 1056.671875
Y = -887.733398
Z = 52.416599
