[glr]
GType = 0
X = -909.574584
Y = 774.465881
Z = 23.950704
