[glr]
GType = 1
X = 1546.399047
Y = 2429.260986
Z = 12.398137
