[glr]
GType = 1
X = -1953.253295
Y = 298.814544
Z = 35.468750
