[glr]
GType = 1
X = 1052.378906
Y = -888.181335
Z = 52.416599
