[glr]
GType = 4
X = 566.236022
Y = -1291.823364
Z = 17.248237
