[gise]
Sahip = 15TL
Kasa = 4440000
GUcreti = 5000
GecenSayisi = 888
X = 1720.692382
Y = 1602.291992
Z = 9.072525
RX = 0.000000
RY = 0.000000
RZ = 73.300018
