[gise]
Sahip = SATILIK 40 TL
Kasa = 1592500
GUcreti = 2500
GecenSayisi = 624
X = -2362.202880
Y = -119.279800
Z = 34.300323
RX = 0.000000
RY = 0.000000
RZ = -88.899971
