[gise]
Sahip = 
Kasa = 5715500
GUcreti = 4000
GecenSayisi = 4851
X = 2202.952392
Y = 3011.309570
Z = 27.608730
RX = 0.000000
RY = 0.000000
RZ = 155.200134
