[gise]
Sahip = 
Kasa = 11505000
GUcreti = 5000
GecenSayisi = 13185
X = 1.867238
Y = -1521.090087
Z = 2.043972
RX = 0.000000
RY = 0.000000
RZ = -99.099990
