[gise]
Sahip = Satýlýk 20
Kasa = 18397600
GUcreti = 5300
GecenSayisi = 5036
X = 3815.664550
Y = 704.624328
Z = 10.013731
RX = 0.000000
RY = 0.000000
RZ = 0.899999
