[gise]
Sahip = SATILIK 10TL
Kasa = 3481500
GUcreti = 1500
GecenSayisi = 3476
X = 3055.903076
Y = -795.023193
Z = 10.103734
RX = 0.000000
RY = 0.000000
RZ = -87.799980
