[gise]
Sahip = SATILIK 10 TL
Kasa = 42500
GUcreti = 2500
GecenSayisi = 1159
X = 850.328063
Y = -1759.358154
Z = 12.430747
RX = 0.000000
RY = 0.000000
RZ = 0.000000
