[gise]
Sahip = TeaMStar
Kasa = 525000
GUcreti = 5000
GecenSayisi = 356
X = 2285.324218
Y = 621.952819
Z = 9.773365
RX = 0.000000
RY = 0.000000
RZ = 0.000000
