[gise]
Sahip = 
Kasa = 10935000
GUcreti = 5000
GecenSayisi = 12834
X = 5.577033
Y = -1524.479003
Z = 2.230319
RX = 0.000000
RY = 0.000000
RZ = 84.900001
