[gise]
Sahip = 
Kasa = 228000
GUcreti = 1000
GecenSayisi = 2350
X = 518.268798
Y = 694.539123
Z = 2.573626
RX = 1.799998
RY = 0.000000
RZ = -117.900001
