[gise]
Sahip = Sancak
Kasa = 3795000
GUcreti = 5000
GecenSayisi = 7228
X = 2246.039794
Y = -2740.712890
Z = 24.226608
RX = 0.000000
RY = 0.000000
RZ = 172.200012
