[gise]
Sahip = Ozeralp
Kasa = 183300
GUcreti = 300
GecenSayisi = 6332
X = 4643.662109
Y = 398.195526
Z = 10.128726
RX = 0.000000
RY = 0.000000
RZ = 0.000000
