[gise]
Sahip = Satýlýk 25 TL
Kasa = 10130000
GUcreti = 5000
GecenSayisi = 2028
X = -1402.600585
Y = 2946.966064
Z = 100.149452
RX = 0.000000
RY = 0.000000
RZ = 175.000000
