[gise]
Sahip = SATILIK 15 TL
Kasa = 142500
GUcreti = 2500
GecenSayisi = 683
X = -2255.149902
Y = 554.067687
Z = 33.995651
RX = 0.000000
RY = 0.000000
RZ = -1.200003
