[gise]
Sahip = SATILIK 20 TL
Kasa = 485000
GUcreti = 5000
GecenSayisi = 3393
X = -2616.481689
Y = -2304.694580
Z = 10.401885
RX = 0.000000
RY = 0.000000
RZ = -139.899948
