[gise]
Sahip = 15TL
Kasa = 3450000
GUcreti = 1500
GecenSayisi = 2368
X = 2492.731201
Y = -2233.763427
Z = 12.532526
RX = 0.000000
RY = -1.399999
RZ = -94.000000
