[gise]
Sahip = SATILIK
Kasa = 56200
GUcreti = 1200
GecenSayisi = 23
X = -1307.514526
Y = -2625.629638
Z = 87.010940
RX = 0.000000
RY = 0.000000
RZ = 157.700027
