[gise]
Sahip = 15TL
Kasa = 2388000
GUcreti = 1500
GecenSayisi = 2562
X = 2498.706298
Y = -2220.027099
Z = 12.351634
RX = -0.300000
RY = 0.100000
RZ = 88.700073
