[gise]
Sahip = H.R.N.
Kasa = 5000
GUcreti = 1000
X = -2697.899902
Y = 1281.000000
Z = 54.500000
RX = 0.000000
RY = 0.000000
RZ = 177.746994
GecenSayisi = 2077
