[gise]
Sahip = SATILIK 20TL
Kasa = 1909000
GUcreti = 1000
X = 2107.699951
Y = 305.500000
Z = 33.200000
RX = 0.000000
RY = 0.000000
RZ = 276.000000
GecenSayisi = 2797
