[gise]
Sahip = King_Tolga
Kasa = 6020000
GUcreti = 10000
GecenSayisi = 890
X = 144.119018
Y = -2695.960449
Z = 39.623821
RX = 0.000000
RY = 0.000000
RZ = 84.799903
