[gise]
Sahip = TeaMStar
Kasa = 800000
GUcreti = 5000
GecenSayisi = 167
X = 2296.593017
Y = 621.942382
Z = 9.660614
RX = 0.000000
RY = 0.000000
RZ = 0.000000
