[gise]
Sahip =
Kasa = 1754300
GUcreti = 4300
GecenSayisi = 7237
X = 1033.661010
Y = 2486.477294
Z = 9.842000
RX = 0.000000
RY = 0.000000
RZ = -0.399971
