[gise]
Sahip = SATILIK
Kasa = 52000
GUcreti = 1000
X = 536.117187
Y = 701.847045
Z = 2.377120
RX = 0.000000
RY = 0.000000
RZ = 62.499969
GecenSayisi = 33950
