[gise]
Sahip = 5TL
Kasa = 542500
GUcreti = 500
GecenSayisi = 1085
X = -2766.577392
Y = 3308.657714
Z = 137.399826
RX = 0.499998
RY = 0.000000
RZ = -16.300003
