[gise]
Sahip = ultrAslan
Kasa = 10000
GUcreti = 5000
GecenSayisi = 84
X = 1204.367553
Y = -2045.883544
Z = 68.337615
RX = 0.000000
RY = 0.000000
RZ = 92.399879
