[gise]
Sahip = ultrAslan
Kasa = 5000
GUcreti = 5000
GecenSayisi = 1
X = 1204.277832
Y = -2011.355346
Z = 68.415634
RX = 3.399996
RY = 0.000000
RZ = 94.000007
