[gise]
Sahip = 10 TL
Kasa = 14250
GUcreti = 150
GecenSayisi = 4211
X = -1943.189697
Y = 2614.500000
Z = 46.414699
RX = 0.000000
RY = 0.000000
RZ = 90.899963
