[gise]
Sahip = King_Tolga
Kasa = 100000
GUcreti = 10000
GecenSayisi = 147
X = -1197.864990
Y = -981.499816
Z = 128.234680
RX = 0.000000
RY = 0.000000
RZ = 90.199974
