[gise]
Sahip = 5TL
Kasa = 749500
GUcreti = 500
GecenSayisi = 1499
X = -2780.144042
Y = 3312.751464
Z = 137.424560
RX = 0.000000
RY = 0.000000
RZ = -18.100095
