[gise]
Sahip = SATILIK
Kasa = 110000
GUcreti = 5000
GecenSayisi = 376
X = 1492.008789
Y = 639.106262
Z = 9.878746
RX = 0.000000
RY = 0.000000
RZ = 0.000000
