[gise]
Sahip = SATILIK 10TL
Kasa = 2421000
GUcreti = 1500
GecenSayisi = 2557
X = 3041.998046
Y = -781.228515
Z = 10.063735
RX = 0.000000
RY = 0.000000
RZ = -88.000099
