[gise]
Sahip = Satýlýk 30TL
Kasa = 24085000
GUcreti = 5000
GecenSayisi = 4817
X = -3015.580566
Y = -1356.776245
Z = 16.812789
RX = 0.000000
RY = 0.000000
RZ = -93.499961
