[gise]
Sahip = SATILIK
Kasa = 73900
GUcreti = 1200
GecenSayisi = 31
X = -1305.713134
Y = -2611.625000
Z = 87.072601
RX = 0.000000
RY = 0.000000
RZ = -22.400009
