[gise]
Sahip = SATILIK 15 TL
Kasa = 65000
GUcreti = 5000
GecenSayisi = 155
X = 2621.799804
Y = 1204.455932
Z = 9.794734
RX = 0.000000
RY = 0.000000
RZ = -89.100143
