[gise]
Sahip = SATILIK 35TL KAMPANYA
Kasa = 7190000
GUcreti = 10000
GecenSayisi = 719
X = -3816.352294
Y = -1366.294799
Z = 58.861991
RX = 0.000000
RY = 0.000000
RZ = 18.000009
