[gise]
Sahip = 
Kasa = 450000
GUcreti = 5000
GecenSayisi = 3931
X = 1210.765380
Y = -151.104492
Z = 38.939907
RX = 0.000000
RY = 0.000000
RZ = -61.399990
