[gise]
Sahip = huseyin
Kasa = 1716000
GUcreti = 3000
GecenSayisi = 23461
X = 1627.730957
Y = -10.864274
Z = 35.912052
RX = 0.000000
RY = 0.000000
RZ = -156.500167
