[gise]
Sahip = Emirhan4427
Kasa = 6229000
GUcreti = 4000
GecenSayisi = 22673
X = 2192.015625
Y = 3002.503417
Z = 27.573738
RX = 0.000000
RY = 0.000000
RZ = -22.600000
