[gise]
Sahip = SATILIK
Kasa = 27000
GUcreti = 1000
X = 541.099975
Y = 710.500000
Z = 2.599997
RX = 0.000000
RY = 0.000000
RZ = 61.485000
GecenSayisi = 20916
