[gise]
Sahip = SATILIK 35TL KAMPANYA
Kasa = 4600000
GUcreti = 10000
GecenSayisi = 460
X = -3803.601318
Y = -1361.547729
Z = 58.841999
RX = 0.000000
RY = 0.000000
RZ = 24.100006
