[gise]
Sahip =
Kasa = 212000
GUcreti = 1000
X = -1131.000000
Y = 1102.199951
Z = 37.200000
RX = 0.000000
RY = 0.000000
RZ = 135.246994
GecenSayisi = 34411
