[gise]
Sahip = Gurkan16
Kasa = 690000
GUcreti = 2500
GecenSayisi = 929
X = 1857.187988
Y = 775.298767
Z = 9.790302
RX = 0.000000
RY = 0.000000
RZ = 0.000000
