[gise]
Sahip = H.R.N.
Kasa = 9000
GUcreti = 1000
X = -2682.899902
Y = 1280.500000
Z = 54.500000
RX = 0.000000
RY = 0.000000
RZ = 358.742004
GecenSayisi = 3603
