[gise]
Sahip = 25TL
Kasa = 7065000
GUcreti = 5000
GecenSayisi = 1482
X = 5.171391
Y = 4778.221679
Z = 7.878468
RX = 12.399991
RY = 0.000000
RZ = -161.899993
