[gise]
Sahip = Satýlýk 30TL
Kasa = 11720000
GUcreti = 5000
GecenSayisi = 2344
X = -3015.958984
Y = -1363.108764
Z = 16.802787
RX = 0.000000
RY = 0.000000
RZ = 85.300003
