[gise]
Sahip =
Kasa = 516000
GUcreti = 1000
X = 513.799987
Y = 686.799987
Z = 2.599997
RX = 0.000000
RY = 0.000000
RZ = 245.996002
GecenSayisi = 16740
