[gise]
Sahip = 15TL
Kasa = 4755000
GUcreti = 5000
GecenSayisi = 951
X = 1720.760375
Y = 1605.168334
Z = 9.053745
RX = 0.000000
RY = 0.000000
RZ = -105.399986
