[gise]
Sahip = SATILIK 10 TL
Kasa = 45000
GUcreti = 2500
GecenSayisi = 1209
X = 827.624084
Y = -1759.190185
Z = 12.215364
RX = 0.000000
RY = 0.000000
RZ = 0.000000
