[gise]
Sahip = Ozeralp
Kasa = 234900
GUcreti = 300
GecenSayisi = 6976
X = 4657.063476
Y = 397.582183
Z = 10.223731
RX = 0.000000
RY = 0.000000
RZ = 0.000000
