[gise]
Sahip = SATILIK 20TL
Kasa = 2528600
GUcreti = 1000
X = 2120.300048
Y = 326.600006
Z = 33.200000
RX = 0.000000
RY = 0.000000
RZ = 93.999000
GecenSayisi = 3726
