[gise]
Sahip = Younapo.
Kasa = 0
GUcreti = 0
GecenSayisi = 0
X = 0.000000
Y = 0.000000
Z = 0.000000
RX = 0.000000
RY = 0.000000
RZ = 0.000000
