[gise]
Sahip = TeaMStar
Kasa = 292000
GUcreti = 1000
X = -1138.099975
Y = 1109.300048
Z = 37.200000
RX = 0.000000
RY = 0.000000
RZ = 317.250000
GecenSayisi = 29131
