[gise]
Sahip = SATILIK
Kasa = 85000
GUcreti = 5000
GecenSayisi = 17
X = 1501.079467
Y = 639.023742
Z = 9.871253
RX = 0.000000
RY = 0.000000
RZ = 2.800007
