[gise]
Sahip = UgurBey
Kasa = 1500000
GUcreti = 5000
GecenSayisi = 2827
X = 2259.883789
Y = -2747.829589
Z = 24.813343
RX = 0.000000
RY = 0.000000
RZ = 0.000000
