[gise]
Sahip = SATILIK 15 TL
Kasa = 362500
GUcreti = 2500
GecenSayisi = 1420
X = -2262.345458
Y = 553.543151
Z = 34.065650
RX = 0.000000
RY = 0.000000
RZ = 0.499994
