[gise]
Sahip = Satýlýk 25 TL
Kasa = 6615000
GUcreti = 5000
GecenSayisi = 1325
X = -1422.913940
Y = 2927.876464
Z = 100.166030
RX = 0.000000
RY = 0.000000
RZ = 172.500045
