[gise]
Sahip = SATILIK 20 TL
Kasa = 350000
GUcreti = 5000
GecenSayisi = 2124
X = -2630.055664
Y = -2298.803466
Z = 10.449554
RX = 0.000000
RY = 0.099999
RZ = 37.800003
