[gise]
Sahip = 25TL
Kasa = 10115000
GUcreti = 5000
GecenSayisi = 2104
X = 18.815513
Y = 4783.312011
Z = 7.977046
RX = -4.099997
RY = 0.699998
RZ = 16.600000
