[gise]
Sahip = 
Kasa = 2889300
GUcreti = 4300
GecenSayisi = 9342
X = 1020.203063
Y = 2473.740966
Z = 9.831995
RX = 0.000000
RY = 0.000000
RZ = -3.800009
