[gise]
Sahip = ultrAslan
Kasa = 5000
GUcreti = 5000
GecenSayisi = 58
X = 1208.110595
Y = -2059.984619
Z = 68.350822
RX = 0.000000
RY = 0.000000
RZ = 86.099960
