[gise]
Sahip = SATILIK 15 TL
Kasa = 21275300
GUcreti = 5300
GecenSayisi = 3805
X = 3802.038085
Y = 689.418945
Z = 10.198863
RX = 0.000000
RY = 0.000000
RZ = 0.000000
