[gise]
Sahip = SATILIK 40 TL
Kasa = 2400000
GUcreti = 2500
GecenSayisi = 934
X = -2362.067382
Y = -81.007545
Z = 34.270313
RX = 0.000000
RY = 0.000000
RZ = 91.899932
