[gise]
Sahip = Gurkan16
Kasa = 632500
GUcreti = 2500
GecenSayisi = 951
X = 1828.808471
Y = 775.372436
Z = 9.900300
RX = 0.000000
RY = 0.000000
RZ = 178.900100
