[gise]
Sahip = huseyin
Kasa = 8163500
GUcreti = 3500
GecenSayisi = 12679
X = -1675.960449
Y = -2801.944091
Z = 46.768802
RX = 0.000000
RY = 0.000000
RZ = -40.399967
