[gise]
Sahip = SATILIK 15 TL
Kasa = 25000
GUcreti = 5000
GecenSayisi = 133
X = 2633.308837
Y = 1201.940185
Z = 10.025151
RX = 0.000000
RY = 0.000000
RZ = 92.499923
