[gise]
Sahip =
Kasa = 7000
GUcreti = 1000
X = -2665.000000
Y = 1269.099975
Z = 54.500000
RX = 0.000000
RY = 0.000000
RZ = 0.000000
GecenSayisi = 3287
