[gise]
Sahip = huseyin
Kasa = 394000
GUcreti = 3500
GecenSayisi = 21156
X = -1676.557250
Y = -2783.479980
Z = 46.768817
RX = 0.000000
RY = 0.000000
RZ = -42.100017
