[gise]
Sahip = H.R.N.
Kasa = 6000
GUcreti = 1000
X = -2680.300048
Y = 1269.099975
Z = 54.500000
RX = 0.000000
RY = 0.000000
RZ = 179.750000
GecenSayisi = 3494
