[gise]
Sahip = 
Kasa = 519000
GUcreti = 3000
GecenSayisi = 10800
X = 1642.212402
Y = -4.343603
Z = 35.587802
RX = 0.000000
RY = 0.000000
RZ = 24.199987
