[gise]
Sahip = ultrAslan
Kasa = 25000
GUcreti = 5000
GecenSayisi = 71
X = 1204.242309
Y = -2032.129394
Z = 68.439346
RX = 0.000000
RY = 0.000000
RZ = -90.999969
