Text=TeaMStar <3
X=-2013.289672
Y=-99.277847
Z=35.544364
