Text=Kara Ambar Kamyoncular Dernegi Gardaþþ
X=-2047.260620
Y=-76.225364
Z=35.165355
